{
  "camera_angle_x": 0.9499878007529485,
  "camera_angle_y": 0.564800633779394,
  "fl_x": 1866.744031488188,
  "fl_y": 1861.0747742978447,
  "k1": -0.06488451684802378,
  "k2": 0.03650815122936184,
  "k3": 0,
  "k4": 0,
  "p1": -0.002506303128527645,
  "p2": 0.00033192148067358123,
  "is_fisheye": false,
  "cx": 953.8172776794539,
  "cy": 537.6094088707517,
  "w": 1920.0,
  "h": 1080.0,
  "aabb_scale": 8,
  "frames": [
    {
      "file_path": "images/0092.jpg",
      "sharpness": 54.430485012273635,
      "transform_matrix": [
        [
          0.819548185016036,
          -0.4097556959909714,
          0.4005509232454158,
          1.5951845433485845
        ],
        [
          0.5700552235273928,
          0.5121301956685804,
          -0.6424637770451543,
          -2.3499002724452445
        ],
        [
          0.05811896941522021,
          0.7548661685006725,
          0.6532987472218482,
          2.486134089439655
        ],
        [
          0.0,
          0.0,
          0.0,
          1.0
        ]
      ]
    },
    {
      "file_path": "images/0002.jpg",
      "sharpness": 246.21902867596586,
      "transform_matrix": [
        [
          0.6469816071535734,
          0.3982639904525548,
          -0.6502311850308826,
          -2.183433662863652
        ],
        [
          -0.7541326038325412,
          0.20818705750245178,
          -0.6228500340585627,
          -2.9817498983124
        ],
        [
          -0.11268902290976124,
          0.893333052711325,
          0.43503705718423313,
          1.721047350449346
        ],
        [
          0.0,
          0.0,
          0.0,
          1.0
        ]
      ]
    },
    {
      "file_path": "images/0053.jpg",
      "sharpness": 98.4789365083587,
      "transform_matrix": [
        [
          -0.8729763857674795,
          -0.2035880849490655,
          0.4432427344379152,
          1.632218916002512
        ],
        [
          0.47357556576688997,
          -0.5713490833330074,
          0.6702883025121595,
          3.296857300061633
        ],
        [
          0.11678361814290816,
          0.7950547884827832,
          0.5951886002927627,
          2.686852134602147
        ],
        [
          0.0,
          0.0,
          0.0,
          1.0
        ]
      ]
    },
    {
      "file_path": "images/0054.jpg",
      "sharpness": 81.90401633695939,
      "transform_matrix": [
        [
          -0.8345015010177076,
          -0.27201382463850676,
          0.4791823495054927,
          1.8425985749590479
        ],
        [
          0.5449065090702457,
          -0.5364426875902324,
          0.6444425027148476,
          3.087801501059598
        ],
        [
          0.08175659749145162,
          0.7988978171122652,
          0.5958843316066369,
          2.8167072086466285
        ],
        [
          0.0,
          0.0,
          0.0,
          1.0
        ]
      ]
    },
    {
      "file_path": "images/0005.jpg",
      "sharpness": 218.27912358753062,
      "transform_matrix": [
        [
          0.5060719823148506,
          0.435610673755796,
          -0.7444021021590533,
          -2.3478951581181007
        ],
        [
          -0.8578168774519923,
          0.1644767855722187,
          -0.4869266800739855,
          -2.1781529127085575
        ],
        [
          -0.08967359424037823,
          0.8849806370698098,
          0.4569112808652631,
          1.652671374140071
        ],
        [
          0.0,
          0.0,
          0.0,
          1.0
        ]
      ]
    },
    {
      "file_path": "images/0004.jpg",
      "sharpness": 202.3334160360454,
      "transform_matrix": [
        [
          0.5253944781941715,
          0.426025305877503,
          -0.7365209305294271,
          -2.305547790318468
        ],
        [
          -0.8460517729155901,
          0.16969573840745014,
          -0.5053709072693706,
          -2.356949612229851
        ],
        [
          -0.09031633219229122,
          0.8886539231831685,
          0.4495966692769249,
          1.65479682952864
        ],
        [
          0.0,
          0.0,
          0.0,
          1.0
        ]
      ]
    },
    {
      "file_path": "images/0078.jpg",
      "sharpness": 120.89085645225025,
      "transform_matrix": [
        [
          0.41069927023014335,
          -0.5338762165966124,
          0.7391226521070737,
          3.4216866644686035
        ],
        [
          0.9043484329942107,
          0.13529593339741536,
          -0.4047825615667844,
          -1.550993027728749
        ],
        [
          0.11610349340156056,
          0.834668314860924,
          0.5383760610034489,
          2.9071486950509873
        ],
        [
          0.0,
          0.0,
          0.0,
          1.0
        ]
      ]
    },
    {
      "file_path": "images/0003.jpg",
      "sharpness": 198.73365993870027,
      "transform_matrix": [
        [
          0.5658808313293292,
          0.4161447331064391,
          -0.7117601041886777,
          -2.270652328478709
        ],
        [
          -0.8184346616153448,
          0.17911241407017847,
          -0.5459701894738019,
          -2.6887769160944757
        ],
        [
          -0.09971754828257123,
          0.8914832047234296,
          0.44194355559841175,
          1.7464004521183023
        ],
        [
          0.0,
          0.0,
          0.0,
          1.0
        ]
      ]
    },
    {
      "file_path": "images/0058.jpg",
      "sharpness": 86.00415834679411,
      "transform_matrix": [
        [
          -0.7813589783521623,
          -0.2962583400139806,
          0.5492805685562752,
          2.428719388622973
        ],
        [
          0.6081940551429054,
          -0.5588083561322393,
          0.5637669841407379,
          2.5163513964711184
        ],
        [
          0.13992190069409088,
          0.7745735711583285,
          0.6168124874251466,
          2.9488273918512067
        ],
        [
          0.0,
          0.0,
          0.0,
          1.0
        ]
      ]
    },
    {
      "file_path": "images/0064.jpg",
      "sharpness": 71.80082555488039,
      "transform_matrix": [
        [
          -0.37641517183753004,
          -0.5697499953917128,
          0.7305453861564971,
          2.87215124834727
        ],
        [
          0.9088752202394734,
          -0.3799648791968985,
          0.17196663808153403,
          0.95557822297754
        ],
        [
          0.17960359814432267,
          0.7287054503617003,
          0.6608561978382089,
          3.153027455450397
        ],
        [
          0.0,
          0.0,
          0.0,
          1.0
        ]
      ]
    },
    {
      "file_path": "images/0008.jpg",
      "sharpness": 167.3213406256214,
      "transform_matrix": [
        [
          0.36808945069421406,
          0.4824216557812243,
          -0.7948455839934023,
          -2.469719606939296
        ],
        [
          -0.9259046852811244,
          0.11211210800681,
          -0.3607372853119856,
          -1.5007654689400358
        ],
        [
          -0.08491566452082759,
          0.8687348394899141,
          0.48794375562131065,
          1.5454880250354215
        ],
        [
          0.0,
          0.0,
          0.0,
          1.0
        ]
      ]
    },
    {
      "file_path": "images/0006.jpg",
      "sharpness": 214.469128056945,
      "transform_matrix": [
        [
          0.4564320293999645,
          0.4567373195565814,
          -0.7635841954460421,
          -2.4053790116279115
        ],
        [
          -0.8853563491361574,
          0.14787942796636003,
          -0.44076729668859016,
          -2.007695297223571
        ],
        [
          -0.08839647961103315,
          0.8772244272588867,
          0.4718721931700405,
          1.6284661669724512
        ],
        [
          0.0,
          0.0,
          0.0,
          1.0
        ]
      ]
    },
    {
      "file_path": "images/0029.jpg",
      "sharpness": 87.53594760734906,
      "transform_matrix": [
        [
          -0.9188033555400885,
          0.21353059370990435,
          -0.3319715040045579,
          -1.6125863817497292
        ],
        [
          -0.39449623188422805,
          -0.46873676664523617,
          0.7903534441157603,
          2.710112742809525
        ],
        [
          0.01315739075725342,
          0.8571409039389651,
          0.5149139286692141,
          1.6800046670054276
        ],
        [
          0.0,
          0.0,
          0.0,
          1.0
        ]
      ]
    },
    {
      "file_path": "images/0059.jpg",
      "sharpness": 101.86278811305586,
      "transform_matrix": [
        [
          -0.6934299414632487,
          -0.40886942656974284,
          0.5932796207284426,
          2.483746134062082
        ],
        [
          0.7048444501021954,
          -0.5557731746000286,
          0.4408066237667827,
          2.2185917128487236
        ],
        [
          0.14949654675007867,
          0.7238383593443908,
          0.673579106063892,
          2.915505429216447
        ],
        [
          0.0,
          0.0,
          0.0,
          1.0
        ]
      ]
    },
    {
      "file_path": "images/0097.jpg",
      "sharpness": 28.69551599995178,
      "transform_matrix": [
        [
          0.9881093750017285,
          -0.09723095896297664,
          0.11910501133753011,
          0.8728518760522672
        ],
        [
          0.15332180705398135,
          0.6810641130859978,
          -0.7159916880450605,
          -2.6133788098379354
        ],
        [
          -0.011501590472551114,
          0.7257394949480923,
          0.6878734614473067,
          2.496005470155278
        ],
        [
          0.0,
          0.0,
          0.0,
          1.0
        ]
      ]
    },
    {
      "file_path": "images/0046.jpg",
      "sharpness": 124.12956061407768,
      "transform_matrix": [
        [
          -0.9891864475694794,
          -0.010483779445924393,
          0.14628828519837753,
          0.6942884069527105
        ],
        [
          0.12458035072800114,
          -0.5864136248641508,
          0.8003741604947682,
          3.2171343434980795
        ],
        [
          0.07739449742549735,
          0.8099439184236361,
          0.5813784833060393,
          2.365501785303237
        ],
        [
          0.0,
          0.0,
          0.0,
          1.0
        ]
      ]
    },
    {
      "file_path": "images/0047.jpg",
      "sharpness": 93.56977767885982,
      "transform_matrix": [
        [
          -0.9898730353732462,
          -0.007202922455368704,
          0.14177267657040632,
          0.6362354802780016
        ],
        [
          0.11898636193213034,
          -0.5867686278266108,
          0.8009649324871608,
          3.273421959686399
        ],
        [
          0.07741847059634857,
          0.8097226039550867,
          0.5816834922267656,
          2.363040723710189
        ],
        [
          0.0,
          0.0,
          0.0,
          1.0
        ]
      ]
    },
    {
      "file_path": "images/0007.jpg",
      "sharpness": 225.6984825220755,
      "transform_matrix": [
        [
          0.4079643432788746,
          0.4732562700413048,
          -0.7807647517354429,
          -2.4798799001698484
        ],
        [
          -0.9088381653666703,
          0.12896741563109224,
          -0.396712231825428,
          -1.710310378943302
        ],
        [
          -0.087053338866292,
          0.871433249677561,
          0.48272746723492516,
          1.6443269513029921
        ],
        [
          0.0,
          0.0,
          0.0,
          1.0
        ]
      ]
    },
    {
      "file_path": "images/0031.jpg",
      "sharpness": 122.91322514919703,
      "transform_matrix": [
        [
          -0.9731887867607666,
          0.10866492054365728,
          -0.20272030100418362,
          -0.9017000799609072
        ],
        [
          -0.22786409569892516,
          -0.5755393860172014,
          0.7853867639805139,
          2.5361898154921043
        ],
        [
          -0.03132952726918757,
          0.8105222700442933,
          0.5848693106649933,
          1.6919295645494217
        ],
        [
          0.0,
          0.0,
          0.0,
          1.0
        ]
      ]
    },
    {
      "file_path": "images/0042.jpg",
      "sharpness": 98.63408564609315,
      "transform_matrix": [
        [
          -0.9389801150110372,
          -0.1759242398638534,
          0.29557910195929665,
          1.1459137710823506
        ],
        [
          0.3389792473458867,
          -0.6191425606427309,
          0.7083470614544177,
          2.8190771163281103
        ],
        [
          0.05839018371339513,
          0.7653189867455349,
          0.6409972192194857,
          2.4892723430576345
        ],
        [
          0.0,
          0.0,
          0.0,
          1.0
        ]
      ]
    },
    {
      "file_path": "images/0033.jpg",
      "sharpness": 109.61559219785576,
      "transform_matrix": [
        [
          -0.999489900059425,
          -0.026103722038114997,
          0.01839933280955955,
          -0.26130977406095357
        ],
        [
          0.030428745554073097,
          -0.6034479888487079,
          0.7968215711186445,
          2.6032326842143174
        ],
        [
          -0.009696968426368528,
          0.796974981098995,
          0.6039344735813681,
          1.7194054206927913
        ],
        [
          0.0,
          0.0,
          0.0,
          1.0
        ]
      ]
    },
    {
      "file_path": "images/0075.jpg",
      "sharpness": 42.03051215228567,
      "transform_matrix": [
        [
          0.007184286580583008,
          -0.6358299682555988,
          0.7717957226930529,
          3.786876171250904
        ],
        [
          0.993806540634124,
          -0.08105014886014267,
          -0.07602258325072911,
          -0.2137954933827034
        ],
        [
          0.11089159490891304,
          0.767561805270466,
          0.6313096936867915,
          3.4192815607975735
        ],
        [
          0.0,
          0.0,
          0.0,
          1.0
        ]
      ]
    },
    {
      "file_path": "images/0098.jpg",
      "sharpness": 37.73780785161584,
      "transform_matrix": [
        [
          0.9987297404832371,
          -0.019168909413393706,
          0.04659891049226514,
          0.5741466893120141
        ],
        [
          0.046849577907501355,
          0.6936941688389819,
          -0.7187444032270529,
          -2.819630231009292
        ],
        [
          -0.018547846125890662,
          0.7200145505962462,
          0.6937110525342562,
          2.546189772451555
        ],
        [
          0.0,
          0.0,
          0.0,
          1.0
        ]
      ]
    },
    {
      "file_path": "images/0045.jpg",
      "sharpness": 98.70208590740009,
      "transform_matrix": [
        [
          -0.9882874936831738,
          -0.015183779667410123,
          0.15184624703074276,
          0.7568855336885187
        ],
        [
          0.13178521433749954,
          -0.5866293795805239,
          0.7990610917173475,
          3.095701522175537
        ],
        [
          0.07694470212983924,
          0.8097131738443694,
          0.5817594769244744,
          2.3555699475163996
        ],
        [
          0.0,
          0.0,
          0.0,
          1.0
        ]
      ]
    },
    {
      "file_path": "images/0094.jpg",
      "sharpness": 33.49988633283009,
      "transform_matrix": [
        [
          0.9115478706769393,
          -0.2848596194036997,
          0.2965391656601139,
          1.721078945200217
        ],
        [
          0.4107669596096903,
          0.5979727461175246,
          -0.6882580183297593,
          -2.458530287143329
        ],
        [
          0.018734577931782008,
          0.7491886225682214,
          0.6620917032243031,
          2.514437504292497
        ],
        [
          0.0,
          0.0,
          0.0,
          1.0
        ]
      ]
    },
    {
      "file_path": "images/0035.jpg",
      "sharpness": 55.81685908419669,
      "transform_matrix": [
        [
          -0.9968815409478904,
          -0.062183084616464865,
          0.04858453846462496,
          0.24616497381305738
        ],
        [
          0.07584863904178246,
          -0.5851489997858264,
          0.8073708144382522,
          2.7516354317924274
        ],
        [
          -0.0217756135834467,
          0.8085381327345729,
          0.5880407389301903,
          2.1703697067047405
        ],
        [
          0.0,
          0.0,
          0.0,
          1.0
        ]
      ]
    },
    {
      "file_path": "images/0043.jpg",
      "sharpness": 80.75149642980122,
      "transform_matrix": [
        [
          -0.968026690508958,
          -0.09335585547375953,
          0.23282828604771333,
          1.0244748618549673
        ],
        [
          0.24022165618701574,
          -0.6122813606116045,
          0.7532629629471368,
          2.89083298686168
        ],
        [
          0.07223491146753286,
          0.7851090495862548,
          0.6151307973898357,
          2.373299772931623
        ],
        [
          0.0,
          0.0,
          0.0,
          1.0
        ]
      ]
    },
    {
      "file_path": "images/0055.jpg",
      "sharpness": 49.88301930423916,
      "transform_matrix": [
        [
          -0.8199124201516402,
          -0.2765279864035544,
          0.5012742723196105,
          1.86863599648105
        ],
        [
          0.5649377839287383,
          -0.5325624425856115,
          0.630255936139013,
          3.0977700491716837
        ],
        [
          0.09267644593244842,
          0.7999434464594076,
          0.5928756690153381,
          2.7410050650821787
        ],
        [
          0.0,
          0.0,
          0.0,
          1.0
        ]
      ]
    },
    {
      "file_path": "images/0040.jpg",
      "sharpness": 66.96392843360852,
      "transform_matrix": [
        [
          -0.9191138043283197,
          -0.2338746802001572,
          0.3170685237094289,
          1.2533386656753887
        ],
        [
          0.3913223943643769,
          -0.6354178520334713,
          0.6656657847505988,
          2.861707734375481
        ],
        [
          0.04578862775413626,
          0.7358986257088712,
          0.6755417191577419,
          2.6294671330133106
        ],
        [
          0.0,
          0.0,
          0.0,
          1.0
        ]
      ]
    },
    {
      "file_path": "images/0028.jpg",
      "sharpness": 80.08318565823879,
      "transform_matrix": [
        [
          -0.8690070899382197,
          0.27043591733398964,
          -0.41435623842981956,
          -1.9292513216161546
        ],
        [
          -0.49425107253953815,
          -0.43501298625252816,
          0.752648376791383,
          2.6407667382752957
        ],
        [
          0.023292809555795612,
          0.8588527909195918,
          0.5116926114641828,
          1.8045056621221263
        ],
        [
          0.0,
          0.0,
          0.0,
          1.0
        ]
      ]
    },
    {
      "file_path": "images/0018.jpg",
      "sharpness": 65.67415449077882,
      "transform_matrix": [
        [
          -0.18790284898155435,
          0.45186523010230606,
          -0.8720724357770315,
          -3.032823282676029
        ],
        [
          -0.9820074095816552,
          -0.10343839788362735,
          0.1579934978773682,
          0.39714994841087575
        ],
        [
          -0.01881400732222348,
          0.8860690219966856,
          0.46317137374920536,
          1.6775583211866292
        ],
        [
          0.0,
          0.0,
          0.0,
          1.0
        ]
      ]
    },
    {
      "file_path": "images/0019.jpg",
      "sharpness": 70.73935706981328,
      "transform_matrix": [
        [
          -0.28834841240791126,
          0.4380124977301269,
          -0.8514694621458433,
          -2.9164857361641325
        ],
        [
          -0.957404080084071,
          -0.14605017697396536,
          0.24909189719012653,
          0.6665688720347671
        ],
        [
          -0.015251901581744144,
          0.8870255902238682,
          0.46146828911697624,
          1.6716493557861694
        ],
        [
          0.0,
          0.0,
          0.0,
          1.0
        ]
      ]
    },
    {
      "file_path": "images/0041.jpg",
      "sharpness": 16.217242927094034,
      "transform_matrix": [
        [
          -0.9275471848469288,
          -0.21182768382780692,
          0.3078721363156517,
          1.1545699781964711
        ],
        [
          0.37063297626411257,
          -0.626872295577399,
          0.6853191387555566,
          2.8143022371845134
        ],
        [
          0.047826946991053436,
          0.749773404065899,
          0.6599639579335821,
          2.522449009988661
        ],
        [
          0.0,
          0.0,
          0.0,
          1.0
        ]
      ]
    },
    {
      "file_path": "images/0039.jpg",
      "sharpness": 15.647372677481613,
      "transform_matrix": [
        [
          -0.8782464952464613,
          -0.28622152837309023,
          0.38309310925147094,
          1.194046452072925
        ],
        [
          0.475099587175158,
          -0.61343400852886,
          0.6308558468047508,
          2.6841693326356153
        ],
        [
          0.05443781699235844,
          0.7360543145170323,
          0.6747299980261571,
          2.7286145549391096
        ],
        [
          0.0,
          0.0,
          0.0,
          1.0
        ]
      ]
    },
    {
      "file_path": "images/0020.jpg",
      "sharpness": 76.73520819387974,
      "transform_matrix": [
        [
          -0.4083126009895746,
          0.4289819059582345,
          -0.8057638266306376,
          -2.8272616982719883
        ],
        [
          -0.9128419330565272,
          -0.19251324909564838,
          0.3600808994903643,
          0.9587886407174758
        ],
        [
          -0.0006520217058748888,
          0.882560577726112,
          0.47019825774438617,
          1.7019555695396886
        ],
        [
          0.0,
          0.0,
          0.0,
          1.0
        ]
      ]
    },
    {
      "file_path": "images/0037.jpg",
      "sharpness": 22.852889627963137,
      "transform_matrix": [
        [
          -0.9203277958167254,
          -0.16185589621632265,
          0.35608905793357076,
          0.6715861089864625
        ],
        [
          0.3745707168534724,
          -0.626910080372371,
          0.6831401973276885,
          2.594839162897335
        ],
        [
          0.11266555104898841,
          0.7620934457342496,
          0.6375892515170998,
          2.38374578461949
        ],
        [
          0.0,
          0.0,
          0.0,
          1.0
        ]
      ]
    },
    {
      "file_path": "images/0024.jpg",
      "sharpness": 24.1035093504071,
      "transform_matrix": [
        [
          -0.7213212078397968,
          0.35066667626413484,
          -0.5972676094945052,
          -2.6361102855581353
        ],
        [
          -0.6925946063715199,
          -0.36881908325987506,
          0.6199074084489994,
          2.100086308856632
        ],
        [
          -0.002902821682256413,
          0.8608166855075761,
          0.5089068752261474,
          1.8989524635701889
        ],
        [
          0.0,
          0.0,
          0.0,
          1.0
        ]
      ]
    },
    {
      "file_path": "images/0036.jpg",
      "sharpness": 23.873856577762563,
      "transform_matrix": [
        [
          -0.9756236517974737,
          -0.12354402266954043,
          0.18137079309764684,
          0.44752339843218125
        ],
        [
          0.21865641267664038,
          -0.6175019467736904,
          0.7555664887537132,
          2.718311156678953
        ],
        [
          0.01865109441075106,
          0.7768064239167412,
          0.6294631971079604,
          2.1477538767111977
        ],
        [
          0.0,
          0.0,
          0.0,
          1.0
        ]
      ]
    },
    {
      "file_path": "images/0022.jpg",
      "sharpness": 35.704686545488435,
      "transform_matrix": [
        [
          -0.5571358140283342,
          0.408688668626424,
          -0.7228922858463944,
          -2.7514064824872877
        ],
        [
          -0.8304208477322772,
          -0.2751867534150158,
          0.48443107497149573,
          1.5980087053412109
        ],
        [
          -0.0009488901394608172,
          0.8701987261265525,
          0.4926999865330202,
          1.8831735505205305
        ],
        [
          0.0,
          0.0,
          0.0,
          1.0
        ]
      ]
    },
    {
      "file_path": "images/0021.jpg",
      "sharpness": 41.68369517772008,
      "transform_matrix": [
        [
          -0.5029156990348699,
          0.41483565157107805,
          -0.7582790923682032,
          -2.7132535438439165
        ],
        [
          -0.8643344922989586,
          -0.24005528352753075,
          0.44192685624925265,
          1.283100802647504
        ],
        [
          0.0012981128474691456,
          0.8776587281558621,
          0.47928433301045764,
          1.7886598858733491
        ],
        [
          0.0,
          0.0,
          0.0,
          1.0
        ]
      ]
    },
    {
      "file_path": "images/0023.jpg",
      "sharpness": 23.831563946747856,
      "transform_matrix": [
        [
          -0.6278181743085992,
          0.4008804031605176,
          -0.6671875616665511,
          -2.783086209088151
        ],
        [
          -0.7783571322041666,
          -0.3256852497606741,
          0.5367395018412214,
          1.8901032645957057
        ],
        [
          -0.0021247997683016082,
          0.85628501126633,
          0.5164992398648571,
          1.9031744469948204
        ],
        [
          0.0,
          0.0,
          0.0,
          1.0
        ]
      ]
    },
    {
      "file_path": "images/0026.jpg",
      "sharpness": 16.6106808689447,
      "transform_matrix": [
        [
          -0.8179522051679116,
          0.2742933267806972,
          -0.5056850413225679,
          -2.207668421950648
        ],
        [
          -0.5747124780771724,
          -0.42885306404867307,
          0.6969868126442492,
          2.5537669521343966
        ],
        [
          -0.025685747852297533,
          0.8607254036003685,
          0.5084211069857942,
          1.9657969983445698
        ],
        [
          0.0,
          0.0,
          0.0,
          1.0
        ]
      ]
    },
    {
      "file_path": "images/0025.jpg",
      "sharpness": 15.917524099701211,
      "transform_matrix": [
        [
          -0.769802655254826,
          0.30433415718296986,
          -0.5610566752184933,
          -2.4387249671502444
        ],
        [
          -0.6378004048868765,
          -0.40090534916958204,
          0.6576363315198462,
          2.342610163458875
        ],
        [
          -0.02478942359640239,
          0.8640923688148611,
          0.5027224509688124,
          1.9702504690055647
        ],
        [
          0.0,
          0.0,
          0.0,
          1.0
        ]
      ]
    },
    {
      "file_path": "images/0013.jpg",
      "sharpness": 58.83924630493457,
      "transform_matrix": [
        [
          0.13622933829689463,
          0.4690472373887446,
          -0.8726031495233416,
          -2.9290096164936834
        ],
        [
          -0.9877552737537995,
          -0.0032925573233705805,
          -0.15597653105309883,
          -0.8877533219739596
        ],
        [
          -0.07603345687829503,
          0.8831669424510653,
          0.46285533946491597,
          1.606242516854065
        ],
        [
          0.0,
          0.0,
          0.0,
          1.0
        ]
      ]
    },
    {
      "file_path": "images/0016.jpg",
      "sharpness": 89.02966772750042,
      "transform_matrix": [
        [
          -0.061205448143918,
          0.4572074992781918,
          -0.8872514839627843,
          -2.894557711765513
        ],
        [
          -0.9971432356491854,
          -0.06742913308920191,
          0.03403938324120178,
          -0.06015207131450104
        ],
        [
          -0.044263537107036614,
          0.8868002112590131,
          0.4600283955020097,
          1.6113604644766926
        ],
        [
          0.0,
          0.0,
          0.0,
          1.0
        ]
      ]
    },
    {
      "file_path": "images/0014.jpg",
      "sharpness": 71.3241270005779,
      "transform_matrix": [
        [
          0.07226910551862127,
          0.464821959312466,
          -0.8824498414081889,
          -2.9814932909385843
        ],
        [
          -0.9951990371034429,
          -0.02494131554391361,
          -0.09464041065447978,
          -0.5911174613376711
        ],
        [
          -0.06600040105678981,
          0.8850528102854301,
          0.46078787976748564,
          1.591110482941261
        ],
        [
          0.0,
          0.0,
          0.0,
          1.0
        ]
      ]
    },
    {
      "file_path": "images/0017.jpg",
      "sharpness": 85.41999263433556,
      "transform_matrix": [
        [
          -0.12351663947615332,
          0.4558522485810395,
          -0.8814433432212234,
          -2.9358893036185196
        ],
        [
          -0.9918954525852495,
          -0.08337336224394123,
          0.09587644971719492,
          0.18914353244991755
        ],
        [
          -0.029783399962343422,
          0.8861419807266432,
          0.46245576994449356,
          1.5974042058718598
        ],
        [
          0.0,
          0.0,
          0.0,
          1.0
        ]
      ]
    },
    {
      "file_path": "images/0012.jpg",
      "sharpness": 61.89167194503809,
      "transform_matrix": [
        [
          0.18626929563419542,
          0.4747661728215301,
          -0.860174883800508,
          -2.899622440120654
        ],
        [
          -0.979091291783001,
          0.01684560572158286,
          -0.2027226379171744,
          -1.0766917138619405
        ],
        [
          -0.08175568400410997,
          0.8799507411134703,
          0.46797724455499373,
          1.5539309254290876
        ],
        [
          0.0,
          0.0,
          0.0,
          1.0
        ]
      ]
    },
    {
      "file_path": "images/0015.jpg",
      "sharpness": 81.62641436816673,
      "transform_matrix": [
        [
          -0.0015606776859019376,
          0.4608586345269479,
          -0.8874721873613827,
          -2.9973560820384813
        ],
        [
          -0.9986187298533922,
          -0.047327114020269935,
          -0.022820531677428365,
          -0.37666021645579206
        ],
        [
          -0.05251853646910916,
          0.8862107330284661,
          0.460295926624059,
          1.5713630643321856
        ],
        [
          0.0,
          0.0,
          0.0,
          1.0
        ]
      ]
    },
    {
      "file_path": "images/0038.jpg",
      "sharpness": 24.450322987661323,
      "transform_matrix": [
        [
          -0.8833915459902446,
          -0.2442073916104816,
          0.39997765741182345,
          1.1257874700308517
        ],
        [
          0.4597181638867725,
          -0.6172861711199307,
          0.6384488959487676,
          2.3811102599616185
        ],
        [
          0.09098673712102344,
          0.7478773514890426,
          0.6575719587027827,
          2.6046562300427234
        ],
        [
          0.0,
          0.0,
          0.0,
          1.0
        ]
      ]
    },
    {
      "file_path": "images/0034.jpg",
      "sharpness": 36.59307484124998,
      "transform_matrix": [
        [
          -0.9974697299611887,
          -0.0572207124987663,
          0.04218919227914878,
          -0.04797999012863526
        ],
        [
          0.0678945246452956,
          -0.590741658384886,
          0.8039991458785228,
          2.5178751480188692
        ],
        [
          -0.02108249056266569,
          0.8048292260834379,
          0.5931318955409657,
          2.0315158572406764
        ],
        [
          0.0,
          0.0,
          0.0,
          1.0
        ]
      ]
    },
    {
      "file_path": "images/0011.jpg",
      "sharpness": 82.97849092724519,
      "transform_matrix": [
        [
          0.24090952131305104,
          0.4816976502887493,
          -0.8425734248834899,
          -2.7782465385065147
        ],
        [
          -0.9671506755099203,
          0.046578334596215895,
          -0.24990003923264562,
          -1.2587518002766458
        ],
        [
          -0.08113059479932892,
          0.8750987558704237,
          0.47709537215943876,
          1.5400563134157987
        ],
        [
          0.0,
          0.0,
          0.0,
          1.0
        ]
      ]
    },
    {
      "file_path": "images/0052.jpg",
      "sharpness": 32.176996996967745,
      "transform_matrix": [
        [
          -0.8773018365769177,
          -0.19794150054494114,
          0.43721922415838865,
          1.342078730355879
        ],
        [
          0.4676845159473273,
          -0.5571344482148538,
          0.6862014282679498,
          3.104208762020804
        ],
        [
          0.10776215081297083,
          0.8064864344945589,
          0.5813492495074074,
          2.778180316289813
        ],
        [
          0.0,
          0.0,
          0.0,
          1.0
        ]
      ]
    },
    {
      "file_path": "images/0010.jpg",
      "sharpness": 93.3961471994099,
      "transform_matrix": [
        [
          0.2895514235243773,
          0.4877241462045414,
          -0.8235806763256031,
          -2.6153680148225993
        ],
        [
          -0.9536720507168462,
          0.07358856144996094,
          -0.29170934730786596,
          -1.3433757295153148
        ],
        [
          -0.08166757514682603,
          0.8698907292905641,
          0.4864365594179549,
          1.4953703872665685
        ],
        [
          0.0,
          0.0,
          0.0,
          1.0
        ]
      ]
    },
    {
      "file_path": "images/0009.jpg",
      "sharpness": 117.21159767774836,
      "transform_matrix": [
        [
          0.32744744299102296,
          0.487482052155551,
          -0.8094068327965435,
          -2.500667823920759
        ],
        [
          -0.9411775024430079,
          0.09262570643023245,
          -0.32496982537609764,
          -1.4253915969026856
        ],
        [
          -0.0834450776857342,
          0.8682060397203997,
          0.48913719105937087,
          1.5298185473212988
        ],
        [
          0.0,
          0.0,
          0.0,
          1.0
        ]
      ]
    },
    {
      "file_path": "images/0027.jpg",
      "sharpness": 82.03424286257894,
      "transform_matrix": [
        [
          -0.8364346481809712,
          0.26588886588114347,
          -0.4792496117846037,
          -2.144175290258515
        ],
        [
          -0.5477211205643128,
          -0.4365784873372324,
          0.7137231945815108,
          2.679598959939594
        ],
        [
          -0.019459019809533323,
          0.8594779435550604,
          0.510802321025293,
          1.906560107916085
        ],
        [
          0.0,
          0.0,
          0.0,
          1.0
        ]
      ]
    },
    {
      "file_path": "images/0044.jpg",
      "sharpness": 68.21350497282934,
      "transform_matrix": [
        [
          -0.9842339308674946,
          -0.034403747907183695,
          0.17349337604628798,
          0.8390108456043391
        ],
        [
          0.15991243350496093,
          -0.5922154548994566,
          0.7897524096767804,
          2.919849614496287
        ],
        [
          0.07557501580568424,
          0.8050448665488068,
          0.5883801321457024,
          2.3839616398302277
        ],
        [
          0.0,
          0.0,
          0.0,
          1.0
        ]
      ]
    },
    {
      "file_path": "images/0049.jpg",
      "sharpness": 66.13895057742268,
      "transform_matrix": [
        [
          -0.9574747148333556,
          -0.11149868225416966,
          0.26610188722225814,
          0.6442487366266869
        ],
        [
          0.2759339791939916,
          -0.6232921848768151,
          0.7316879740703591,
          3.2031779455613996
        ],
        [
          0.08427698175653693,
          0.7739992869322811,
          0.6275527820420673,
          2.2788127993071634
        ],
        [
          0.0,
          0.0,
          0.0,
          1.0
        ]
      ]
    },
    {
      "file_path": "images/0095.jpg",
      "sharpness": 29.182617490124734,
      "transform_matrix": [
        [
          0.9220822874384663,
          -0.26885515908661434,
          0.27835437610649616,
          1.4520579986712308
        ],
        [
          0.38672387574680606,
          0.6132854702418357,
          -0.6887129851535758,
          -2.55249831076765
        ],
        [
          0.014453344744136235,
          0.7426963278979718,
          0.6694723783898666,
          2.478853620828853
        ],
        [
          0.0,
          0.0,
          0.0,
          1.0
        ]
      ]
    },
    {
      "file_path": "images/0070.jpg",
      "sharpness": 112.96980660535812,
      "transform_matrix": [
        [
          0.0003284405218582111,
          -0.6498081074082499,
          0.7600982276957442,
          3.3166583565488863
        ],
        [
          0.9895613125427418,
          -0.10932817730663498,
          -0.09389227000677516,
          -0.192629045242434
        ],
        [
          0.1441121120813463,
          0.7521946378861719,
          0.6429890558642144,
          3.1307933546292377
        ],
        [
          0.0,
          0.0,
          0.0,
          1.0
        ]
      ]
    },
    {
      "file_path": "images/0066.jpg",
      "sharpness": 54.85606722532464,
      "transform_matrix": [
        [
          -0.13642420621270152,
          -0.6449337914354327,
          0.7519633240370384,
          3.4344980990971723
        ],
        [
          0.976215663908913,
          -0.21662765882345472,
          -0.008685330913627472,
          0.34943230003979503
        ],
        [
          0.1684975178032436,
          0.7328934862343842,
          0.6591477257821391,
          3.1376783646264976
        ],
        [
          0.0,
          0.0,
          0.0,
          1.0
        ]
      ]
    },
    {
      "file_path": "images/0051.jpg",
      "sharpness": 87.34415113141095,
      "transform_matrix": [
        [
          -0.911684121721899,
          -0.1758059706721886,
          0.3713816405654145,
          1.170554807507297
        ],
        [
          0.4010352753953093,
          -0.5775021121728061,
          0.7110991620906935,
          3.202557475576836
        ],
        [
          0.08945820341319417,
          0.7972349535487447,
          0.5970039017934672,
          2.617797720897993
        ],
        [
          0.0,
          0.0,
          0.0,
          1.0
        ]
      ]
    },
    {
      "file_path": "images/0079.jpg",
      "sharpness": 109.1104918970086,
      "transform_matrix": [
        [
          0.43253102961888096,
          -0.5493686749842613,
          0.7149202525007577,
          3.356718534773285
        ],
        [
          0.8966230398833674,
          0.17872868390527413,
          -0.4051211940905191,
          -1.498326344163365
        ],
        [
          0.0947841377788635,
          0.8162414572718167,
